LGOROWLENGTH	3																																										
Measurement_mode	patch																																										
CREATED	10/17/2018	#	Time:	13:31																																							
INSTRUMENTATION	Eye-One	iO																																									
MEASUREMENT_SOURCE	WhiteBase=Absolute	Filter=No																																									
ILLUMINATION_NAME	D50																																										
OBSERVER_ANGLE	2																																										
KEYWORD	SampleID																																										
KEYWORD	SAMPLE_NAME																																										
NUMBER_OF_FIELDS	44																																										
BEGIN_DATA_FORMAT																																											
SampleID	SAMPLE_NAME	XYZ_X	XYZ_Y	XYZ_Z	LAB_L	LAB_A	LAB_B	nm380	nm390	nm400	nm410	nm420	nm430	nm440	nm450	nm460	nm470	nm480	nm490	nm500	nm510	nm520	nm530	nm540	nm550	nm560	nm570	nm580	nm590	nm600	nm610	nm620	nm630	nm640	nm650	nm660	nm670	nm680	nm690	nm700	nm710	nm720	nm730
END_DATA_FORMAT																																											
NUMBER_OF_SETS	33																																										
BEGIN_DATA																																											
1	A1	11.79	17.01	49.11	48.28	-28.89	-57.43	0.0534	0.1094	0.2105	0.3309	0.4363	0.5221	0.5965	0.6417	0.6482	0.6411	0.6247	0.6069	0.5733	0.4978	0.3938	0.298	0.2113	0.1248	0.0637	0.0372	0.0271	0.0228	0.0198	0.0182	0.0183	0.0193	0.0213	0.0253	0.0307	0.0334	0.0318	0.0283	0.0246	0.0233	0.0281	0.0454
2	A2	4.66	7.27	17.38	32.41	-26.52	-35.53	0.0272	0.0511	0.0893	0.1285	0.1596	0.1835	0.2038	0.2176	0.2216	0.2232	0.2295	0.2422	0.2429	0.2109	0.1617	0.1252	0.0946	0.057	0.0302	0.0196	0.0155	0.0132	0.0113	0.0103	0.0103	0.0108	0.0122	0.0149	0.0187	0.0207	0.0197	0.017	0.0143	0.0136	0.0173	0.031
3	A3	0.4	0.59	0.79	5.3	-6.59	-5.66	0.0051	0.0063	0.0067	0.0063	0.0066	0.0071	0.0078	0.0087	0.0096	0.0107	0.0122	0.0138	0.0144	0.0129	0.0102	0.0084	0.007	0.0052	0.004	0.0036	0.0034	0.0032	0.003	0.0027	0.0027	0.0025	0.0023	0.0023	0.0021	0.0021	0.0021	0.0022	0.0024	0.0025	0.0027	0.0031
4	B1	15.61	22.06	53.35	54.09	-29.61	-52.1	0.0773	0.1416	0.2523	0.3813	0.4948	0.5833	0.6517	0.6909	0.6952	0.6877	0.6718	0.6554	0.6261	0.5591	0.4635	0.3722	0.2852	0.1904	0.1157	0.0789	0.063	0.0552	0.0495	0.0461	0.046	0.0479	0.0518	0.0598	0.0698	0.0747	0.0721	0.066	0.0586	0.0554	0.0631	0.0907
5	B2	6.06	8.95	18.25	35.88	-24.79	-31.52	0.0359	0.0639	0.104	0.1441	0.1751	0.1978	0.2155	0.2268	0.23	0.2313	0.2382	0.253	0.2567	0.2269	0.1791	0.146	0.1182	0.0787	0.0477	0.0356	0.0308	0.0276	0.0244	0.0223	0.0224	0.0236	0.0263	0.0318	0.0387	0.0422	0.0404	0.0358	0.0306	0.0287	0.035	0.0565
6	B3	0.48	0.7	0.87	6.31	-7.75	-5.34	0.0073	0.0074	0.008	0.0072	0.0075	0.0078	0.0086	0.0094	0.0106	0.012	0.0135	0.015	0.0157	0.0143	0.0117	0.01	0.0086	0.0066	0.0051	0.0047	0.0043	0.004	0.0037	0.0033	0.0031	0.0029	0.0029	0.0028	0.0028	0.0027	0.0026	0.0029	0.0029	0.0031	0.0034	0.0038
7	C1	20.38	27.79	55.46	59.7	-28.47	-44.69	0.1014	0.1673	0.2794	0.4116	0.5293	0.6157	0.6762	0.7096	0.7141	0.7086	0.6981	0.6883	0.6671	0.6112	0.5276	0.4425	0.3573	0.2609	0.1797	0.1364	0.1161	0.106	0.098	0.0929	0.0927	0.0954	0.1014	0.1125	0.1258	0.1324	0.129	0.121	0.111	0.1063	0.1162	0.1506
8	C2	8.19	11.37	19.35	40.2	-22.44	-26.44	0.0476	0.0756	0.117	0.1581	0.1903	0.2123	0.2277	0.2383	0.2412	0.2429	0.2518	0.2699	0.2773	0.2502	0.2041	0.1731	0.1477	0.1067	0.0725	0.0596	0.0546	0.0509	0.0462	0.043	0.0433	0.0455	0.0499	0.0579	0.068	0.0729	0.0703	0.0643	0.0568	0.0539	0.0625	0.0907
9	C3	0.58	0.85	0.88	7.63	-9.59	-3.26	0.0051	0.0069	0.0074	0.0071	0.0075	0.008	0.0087	0.0094	0.0105	0.0116	0.0137	0.0161	0.0176	0.0163	0.0133	0.0117	0.0107	0.0085	0.0067	0.0062	0.006	0.0055	0.0048	0.0041	0.0037	0.0034	0.0032	0.0032	0.0031	0.0032	0.0033	0.0034	0.0038	0.0042	0.0044	0.0059
10	D1	25.15	33.45	59.02	64.53	-27.64	-40.04	0.1203	0.1908	0.3105	0.4497	0.5755	0.6641	0.7208	0.7498	0.7545	0.7506	0.7406	0.7302	0.7111	0.6646	0.5919	0.5124	0.4288	0.3312	0.2436	0.1925	0.1661	0.1527	0.1428	0.1358	0.1355	0.1388	0.1467	0.1608	0.1778	0.1864	0.1826	0.1727	0.16	0.1534	0.1658	0.2068
11	D2	10.26	13.62	20.38	43.69	-20.34	-22.59	0.0569	0.0871	0.129	0.1707	0.2034	0.2246	0.2396	0.2494	0.2521	0.2544	0.2649	0.2858	0.2965	0.2712	0.226	0.1966	0.173	0.1311	0.0951	0.0822	0.078	0.074	0.0684	0.0643	0.0648	0.0677	0.0734	0.0839	0.0967	0.1028	0.0998	0.0925	0.0834	0.0794	0.0901	0.1237
12	D3	0.87	1.07	1.01	9.57	-6.16	-1.98	0.0086	0.0094	0.0099	0.0097	0.0107	0.0108	0.0108	0.011	0.0118	0.0125	0.0141	0.0171	0.0192	0.0173	0.0141	0.0128	0.0121	0.01	0.0084	0.0087	0.0095	0.0095	0.0087	0.0077	0.0072	0.007	0.0069	0.0071	0.0075	0.0081	0.0082	0.0083	0.0086	0.009	0.0107	0.0147
13	E1	31.36	40.24	60.97	69.64	-25.28	-33.18	0.145	0.2181	0.3378	0.4791	0.6087	0.696	0.7451	0.7685	0.7719	0.7692	0.7618	0.7557	0.7425	0.7067	0.6488	0.5811	0.5063	0.4151	0.3269	0.2709	0.2389	0.2225	0.2095	0.2007	0.2002	0.2049	0.2147	0.2325	0.2535	0.2633	0.2588	0.2475	0.2319	0.2238	0.2384	0.2857
14	E2	12.42	15.65	21.03	46.52	-16.96	-19.03	0.0688	0.0978	0.1396	0.1817	0.214	0.2345	0.2473	0.2557	0.2575	0.2599	0.2725	0.2979	0.3126	0.2863	0.2388	0.2112	0.1914	0.1499	0.1139	0.1046	0.1035	0.1006	0.0946	0.0899	0.0907	0.0944	0.1014	0.1144	0.1298	0.1372	0.1336	0.1247	0.1136	0.1088	0.1216	0.1604
15	E3	1	1.16	1.06	10.24	-4.22	-1.68	0.0091	0.0095	0.0116	0.0114	0.0118	0.012	0.0117	0.0119	0.0121	0.0126	0.0146	0.0178	0.02	0.0181	0.0144	0.0129	0.0126	0.0103	0.0087	0.0094	0.0106	0.011	0.0102	0.0094	0.009	0.009	0.0091	0.0097	0.0104	0.0115	0.0116	0.0113	0.011	0.0112	0.0136	0.0187
16	F1	37.06	46.11	63.52	73.62	-22.73	-28.8	0.1639	0.2378	0.3607	0.5062	0.6404	0.7308	0.7767	0.7974	0.8005	0.7988	0.7925	0.787	0.7756	0.7445	0.6934	0.6337	0.5669	0.4819	0.396	0.3393	0.3056	0.2876	0.273	0.2624	0.2614	0.2657	0.2761	0.2951	0.3171	0.3281	0.3242	0.3121	0.2961	0.2875	0.3038	0.3531
17	F2	14.75	17.82	21.3	49.28	-13.99	-14.8	0.0753	0.1052	0.1472	0.1882	0.2199	0.2388	0.2494	0.2567	0.2588	0.2614	0.276	0.3054	0.3239	0.2994	0.252	0.2266	0.2105	0.1705	0.1352	0.1292	0.1317	0.1305	0.1241	0.1188	0.1198	0.1245	0.133	0.1478	0.1652	0.1737	0.17	0.1603	0.1476	0.1415	0.1564	0.1991
18	F3	1.02	1.17	1.04	10.36	-3.88	-1.06	0.01	0.0123	0.0117	0.0107	0.0115	0.0114	0.0112	0.0116	0.012	0.0124	0.0141	0.0174	0.0195	0.0179	0.0144	0.013	0.0126	0.0104	0.0089	0.0097	0.0109	0.0114	0.0107	0.0098	0.0094	0.0093	0.0096	0.0101	0.0108	0.0118	0.0121	0.0118	0.0117	0.0121	0.014	0.0195
19	G1	44.41	53.12	64.94	77.95	-18.81	-22.7	0.1874	0.259	0.3853	0.5332	0.6695	0.7561	0.7956	0.8111	0.8121	0.8108	0.8065	0.8035	0.7968	0.7738	0.7343	0.6866	0.6311	0.5588	0.4812	0.4268	0.3924	0.3747	0.3608	0.3509	0.3503	0.3553	0.3665	0.3866	0.4094	0.4205	0.4168	0.4049	0.3887	0.38	0.3967	0.4456
20	G2	17.26	20.11	21.53	51.96	-11.16	-10.63	0.0818	0.112	0.1531	0.1931	0.2239	0.2414	0.2511	0.2578	0.2597	0.2626	0.2791	0.3126	0.3351	0.3121	0.2656	0.2424	0.2294	0.1909	0.1572	0.1552	0.1617	0.1625	0.1568	0.1514	0.1527	0.1579	0.1672	0.1837	0.2024	0.2115	0.208	0.1978	0.1846	0.1785	0.194	0.2398
21	G3	1.14	1.26	1.13	10.99	-2.42	-1.28	0.0112	0.0124	0.0128	0.013	0.0133	0.0128	0.0128	0.0126	0.0128	0.0131	0.0149	0.0185	0.0208	0.019	0.015	0.0137	0.0131	0.0107	0.0091	0.01	0.0117	0.0125	0.0122	0.0114	0.0111	0.0113	0.0117	0.0128	0.0143	0.0151	0.0151	0.0147	0.0141	0.0143	0.0164	0.0228
22	H1	53.41	61.33	67.9	82.55	-14.16	-17.51	0.2139	0.2865	0.4158	0.5699	0.7132	0.8013	0.8355	0.846	0.8448	0.8422	0.8371	0.8341	0.8283	0.8099	0.7786	0.7419	0.7	0.6417	0.5757	0.5283	0.4968	0.4814	0.4694	0.4602	0.46	0.4648	0.4762	0.4959	0.5182	0.5285	0.5255	0.5148	0.4994	0.4924	0.5087	0.5548
23	H2	19.48	21.96	21.84	53.98	-8.26	-7.76	0.0903	0.1199	0.1596	0.1989	0.2295	0.2463	0.2545	0.2607	0.2626	0.265	0.2827	0.3178	0.342	0.3196	0.2731	0.2517	0.2422	0.2055	0.1742	0.1771	0.1886	0.192	0.1868	0.1811	0.1825	0.1878	0.1978	0.215	0.2346	0.2442	0.2408	0.231	0.2173	0.2111	0.2278	0.2749
24	H3	1.19	1.26	1	10.97	-0.74	0.5	0.0099	0.0117	0.0112	0.0118	0.0116	0.0114	0.0112	0.011	0.0114	0.0118	0.0133	0.0167	0.0192	0.0176	0.0141	0.0129	0.0125	0.0105	0.0091	0.0102	0.0121	0.0131	0.0129	0.0125	0.0126	0.013	0.0137	0.0152	0.0171	0.0182	0.0179	0.0173	0.0162	0.0161	0.0186	0.0253
25	I1	62.32	69.39	68.95	86.7	-10.37	-11.33	0.2345	0.3021	0.4304	0.5862	0.7322	0.8174	0.8469	0.8543	0.8532	0.8518	0.8494	0.851	0.8513	0.8398	0.8182	0.7918	0.7627	0.7209	0.6698	0.6323	0.6053	0.5929	0.5841	0.576	0.575	0.5783	0.5879	0.6044	0.6228	0.6322	0.6308	0.6235	0.6133	0.6089	0.6232	0.661
26	I2	21.84	23.84	22.29	55.93	-5.28	-5.28	0.0991	0.1266	0.1664	0.206	0.2367	0.2529	0.2604	0.266	0.2669	0.2691	0.2869	0.324	0.3506	0.3282	0.2809	0.2609	0.2543	0.2191	0.1897	0.198	0.2153	0.2221	0.2182	0.2133	0.2152	0.2213	0.232	0.2506	0.2716	0.2815	0.2778	0.2673	0.2531	0.2465	0.264	0.3122
27	I3	1.25	1.28	0.93	11.11	0.5	1.86	0.0114	0.0112	0.0123	0.0115	0.0113	0.0111	0.0104	0.0101	0.0105	0.0106	0.0121	0.0153	0.0178	0.0167	0.0138	0.0124	0.0122	0.0106	0.0095	0.0106	0.0127	0.0138	0.0138	0.0134	0.0137	0.0143	0.0154	0.017	0.0192	0.0204	0.0199	0.0189	0.0176	0.0175	0.0202	0.0272
28	J1	71.13	76.33	69.53	90.01	-5.16	-6.14	0.2542	0.3154	0.4434	0.5987	0.7446	0.8291	0.8549	0.8595	0.8577	0.8562	0.8543	0.8569	0.8585	0.8496	0.8326	0.8156	0.7997	0.7745	0.7438	0.7259	0.7124	0.7084	0.7067	0.7018	0.7001	0.7014	0.7081	0.7184	0.7301	0.7372	0.7387	0.7371	0.735	0.7354	0.7442	0.7663
29	J2	23.75	25.17	22.04	57.24	-2.3	-2.54	0.1033	0.1304	0.1678	0.2065	0.2358	0.2509	0.2576	0.2623	0.2628	0.2652	0.2832	0.3212	0.3492	0.3276	0.281	0.2631	0.2593	0.2265	0.2003	0.2144	0.238	0.2487	0.2469	0.2428	0.2452	0.2514	0.2625	0.2812	0.302	0.3122	0.3089	0.2986	0.2842	0.2785	0.2964	0.3433
30	J3	1.31	1.35	1.07	11.64	0.06	0.7	0.0108	0.0108	0.0122	0.0125	0.0126	0.0124	0.0119	0.0119	0.0121	0.0122	0.0141	0.0175	0.0201	0.0185	0.0149	0.0135	0.0132	0.0112	0.0098	0.0109	0.013	0.0143	0.0142	0.0138	0.0142	0.0147	0.0158	0.0177	0.0199	0.0212	0.0208	0.0196	0.0183	0.0179	0.0208	0.0284
31	K1	82.07	85.18	71.06	93.96	-0.11	-0.71	0.275	0.3343	0.4639	0.6228	0.7713	0.8544	0.8757	0.8768	0.8732	0.8706	0.8686	0.8713	0.8757	0.8736	0.8655	0.8563	0.8517	0.8469	0.8396	0.8386	0.835	0.8402	0.8498	0.854	0.856	0.8588	0.8646	0.8704	0.8763	0.8804	0.8835	0.8852	0.8884	0.8918	0.8929	0.8969
32	K2	26.22	27.15	21.58	59.12	0.17	1.6	0.1073	0.1319	0.1673	0.203	0.2309	0.2445	0.2501	0.2547	0.2553	0.2587	0.2789	0.3206	0.352	0.3327	0.2875	0.2715	0.2707	0.2408	0.218	0.2379	0.2678	0.2828	0.2832	0.2799	0.2828	0.2894	0.3007	0.3195	0.3403	0.3506	0.3479	0.3382	0.3244	0.3188	0.3369	0.3828
33	K3	1.44	1.46	1.02	12.38	0.77	2.63	0.0108	0.0115	0.0122	0.0122	0.0119	0.0117	0.0114	0.0113	0.0113	0.0118	0.0136	0.0171	0.02	0.0188	0.0156	0.0142	0.014	0.0121	0.0108	0.0122	0.0146	0.016	0.0161	0.0157	0.0161	0.0168	0.0181	0.0201	0.0225	0.0238	0.0234	0.0223	0.021	0.0208	0.0239	0.0316
END_DATA																																											
